#         t          x          y          z         vx         vy         vz
      0.000     -98.562    -119.989    -127.765     -28.410     173.920      93.220
      0.010     -98.843    -118.246    -126.828     -27.708     174.767      94.129
      0.020     -99.116    -116.494    -125.882     -26.991     175.618      95.048
      0.030     -99.383    -114.733    -124.927     -26.257     176.473      95.978
      0.040     -99.642    -112.964    -123.963     -25.507     177.331      96.920
      0.050     -99.893    -111.187    -122.989     -24.740     178.193      97.873
      0.060    -100.136    -109.400    -122.005     -23.955     179.059      98.838
      0.070    -100.372    -107.605    -121.012     -23.152     179.928      99.815
      0.080    -100.599    -105.802    -120.009     -22.330     180.800     100.804
      0.090    -100.818    -103.989    -118.996     -21.489     181.676     101.805
      0.100    -101.029    -102.168    -117.973     -20.629     182.555     102.820
      0.110    -101.231    -100.338    -116.939     -19.748     183.436     103.847
      0.120    -101.424     -98.500    -115.896     -18.847     184.321     104.887
      0.130    -101.608     -96.652    -114.842     -17.923     185.208     105.940
      0.140    -101.782     -94.795    -113.777     -16.978     186.098     107.007
      0.150    -101.947     -92.930    -112.701     -16.010     186.990     108.087
      0.160    -102.102     -91.056    -111.615     -15.018     187.884     109.182
      0.170    -102.247     -89.172    -110.518     -14.003     188.780     110.291
      0.180    -102.382     -87.280    -109.409     -12.962     189.677     111.414
      0.190    -102.506     -85.379    -108.289     -11.896     190.576     112.552
      0.200    -102.620     -83.468    -107.158     -10.803     191.476     113.705
      0.210    -102.722     -81.549    -106.015      -9.682     192.376     114.874
      0.220    -102.813     -79.621    -104.860      -8.534     193.277     116.057
      0.230    -102.893     -77.684    -103.694      -7.356     194.177     117.257
      0.240    -102.960     -75.737    -102.515      -6.149     195.077     118.472
      0.250    -103.016     -73.782    -101.324      -4.910     195.976     119.703
      0.260    -103.058     -71.818    -100.121      -3.640     196.873     120.951
      0.270    -103.088     -69.845     -98.905      -2.337     197.769     122.216
      0.280    -103.105     -67.862     -97.677      -1.000     198.662     123.497
      0.290    -103.108     -65.871     -96.435       0.372     199.552     124.795
      0.300    -103.097     -63.871     -95.181       1.780     200.438     126.110
      0.310    -103.072     -61.863     -93.913       3.226     201.319     127.443
      0.320    -103.033     -59.845     -92.632       4.709     202.195     128.793
      0.330    -102.978     -57.819     -91.337       6.233     203.066     130.161
      0.340    -102.908     -55.784     -90.028       7.797     203.929     131.547
      0.350    -102.822     -53.740     -88.706       9.404     204.784     132.951
      0.360    -102.720     -51.688     -87.369      11.054     205.631     134.373
      0.370    -102.600     -49.628     -86.018      12.750     206.467     135.813
      0.380    -102.464     -47.559     -84.653      14.491     207.293     137.271
      0.390    -102.310     -45.482     -83.273      16.280     208.106     138.748
      0.400    -102.138     -43.397     -81.878      18.119     208.905     140.242
      0.410    -101.948     -41.304     -80.468      20.008     209.689     141.755
      0.420    -101.738     -39.203     -79.043      21.950     210.456     143.286
      0.430    -101.509     -37.095     -77.602      23.945     211.205     144.834
      0.440    -101.259     -34.979     -76.146      25.997     211.935     146.401
      0.450    -100.988     -32.856     -74.674      28.105     212.642     147.984
      0.460    -100.696     -30.726     -73.186      30.272     213.325     149.584
      0.470    -100.383     -28.590     -71.682      32.499     213.982     151.201
      0.480    -100.046     -26.447     -70.162      34.789     214.611     152.834
      0.490     -99.686     -24.298     -68.625      37.142     215.208     154.483
      0.500     -99.303     -22.143     -67.072      39.560     215.773     156.146
      0.510     -98.895     -19.983     -65.503      42.046     216.301     157.822
      0.520     -98.462     -17.817     -63.916      44.600     216.790     159.512
      0.530     -98.003     -15.647     -62.312      47.225     217.237     161.214
      0.540     -97.517     -13.473     -60.692      49.921     217.639     162.926
      0.550     -97.004     -11.294     -59.054      52.690     217.991     164.647
      0.560     -96.463      -9.113     -57.399      55.533     218.291     166.376
      0.570     -95.893      -6.929     -55.726      58.452     218.535     168.110
      0.580     -95.293      -4.743     -54.036      61.448     218.718     169.849
      0.590     -94.663      -2.555     -52.329      64.521     218.836     171.589
      0.600     -94.002      -0.366     -50.605      67.672     218.885     173.329
      0.610     -93.310       1.822     -48.863      70.902     218.859     175.065
      0.620     -92.584       4.011     -47.103      74.210     218.756     176.795
      0.630     -91.825       6.197     -45.327      77.598     218.568     178.516
      0.640     -91.032       8.381     -43.533      81.063     218.292     180.224
      0.650     -90.203      10.563     -41.722      84.607     217.921     181.915
      0.660     -89.339      12.739     -39.895      88.226     217.452     183.586
      0.670     -88.438      14.911     -38.051      91.920     216.877     185.233
      0.680     -87.500      17.076     -36.190      95.686     216.193     186.850
      0.690     -86.524      19.234     -34.314      99.521     215.392     188.433
      0.700     -85.510      21.384     -32.422     103.423     214.471     189.976
      0.710     -84.456      23.523     -30.515     107.386     213.424     191.475
      0.720     -83.362      25.651     -28.593     111.407     212.246     192.924
      0.730     -82.227      27.767     -26.656     115.480     210.932     194.317
      0.740     -81.052      29.869     -24.707     119.599     209.478     195.647
      0.750     -79.835      31.956     -22.744     123.757     207.880     196.909
      0.760     -78.577      34.026     -20.769     127.946     206.135     198.097
      0.770     -77.276      36.078     -18.782     132.159     204.240     199.205
      0.780     -75.933      38.110     -16.785     136.386     202.193     200.225
      0.790     -74.548      40.121     -14.778     140.617     199.994     201.153
      0.800     -73.121      42.109     -12.763     144.843     197.640     201.983
      0.810     -71.651      44.073     -10.739     149.052     195.135     202.708
      0.820     -70.140      46.011      -8.709     153.234     192.478     203.325
      0.830     -68.587      47.922      -6.673     157.377     189.673     203.829
      0.840     -66.993      49.804      -4.633     161.469     186.723     204.214
      0.850     -65.358      51.656      -2.589     165.499     183.634     204.478
      0.860     -63.683      53.476      -0.544     169.454     180.411     204.613
      0.870     -61.969      55.263       1.502     173.323     177.063     204.564
      0.880     -60.217      57.017       3.547     177.092     173.600     204.365
      0.890     -58.428      58.735       5.589     180.749     170.032     204.038
      0.900     -56.603      60.417       7.627     184.286     166.368     203.586
      0.910     -54.743      62.062       9.660     187.694     162.619     203.011
      0.920     -52.850      63.669      11.686     190.966     158.796     202.317
      0.930     -50.924      65.237      13.705     194.095     154.909     201.507
      0.940     -48.968      66.767      15.716     197.076     150.970     200.585
      0.950     -46.984      68.257      17.717     199.905     146.989     199.557
      0.960     -44.971      69.706      19.707     202.578     142.978     198.427
      0.970     -42.933      71.116      21.685     205.094     138.948     197.201
      0.980     -40.870      72.485      23.650     207.452     134.908     195.886
      0.990     -38.785      73.814      25.602     209.651     130.869     194.487
      1.000     -36.678      75.103      27.539     211.692     126.840     193.011
      1.010     -34.551      76.351      29.462     213.579     122.830     191.465
      1.020     -32.407      77.560      31.368     215.311     118.846     189.855
      1.030     -30.246      78.728      33.259     216.895     114.897     188.188
      1.040     -28.070      79.858      35.132     218.332     110.989     186.469
      1.050     -25.880      80.948      36.988     219.627     107.128     184.705
      1.060     -23.678      82.000      38.826     220.785     103.320     182.902
      1.070     -21.465      83.015      40.646     221.812      99.568     181.065
      1.080     -19.242      83.992      42.447     222.711      95.878     179.200
      1.090     -17.011      84.933      44.230     223.489      92.252     177.312
      1.100     -14.773      85.838      45.993     224.151      88.694     175.406
      1.110     -12.529      86.707      47.738     224.703      85.205     173.485
      1.120     -10.280      87.542      49.463     225.151      81.788     171.554
      1.130      -8.026      88.343      51.169     225.499      78.444     169.617
      1.140      -5.770      89.111      52.855     225.753      75.174     167.677
      1.150      -3.512      89.847      54.522     225.919      71.978     165.737
      1.160      -1.252      90.551      56.170     226.001      68.857     163.801
      1.170       1.008      91.225      57.798     226.005      65.810     161.871
      1.180       3.268      91.868      59.407     225.936      62.838     159.948
      1.190       5.526      92.482      60.997     225.798      59.939     158.036
      1.200       7.783      93.067      62.568     225.595      57.113     156.137
      1.210      10.038      93.624      64.120     225.332      54.359     154.251
      1.220      12.290      94.154      65.653     225.013      51.676     152.380
      1.230      14.538      94.658      67.168     224.642      49.063     150.526
      1.240      16.782      95.136      68.664     224.222      46.518     148.689
      1.250      19.022      95.589      70.142     223.757      44.041     146.871
      1.260      21.257      96.017      71.601     223.250      41.629     145.073
      1.270      23.487      96.422      73.043     222.704      39.281     143.294
      1.280      25.711      96.803      74.467     222.122      36.996     141.537
      1.290      27.929      97.162      75.874     221.507      34.772     139.800
      1.300      30.141      97.499      77.263     220.861      32.608     138.085
      1.310      32.346      97.814      78.636     220.187      30.501     136.392
      1.320      34.545      98.109      79.991     219.487      28.451     134.721
      1.330      36.736      98.384      81.330     218.764      26.456     133.072
      1.340      38.920      98.639      82.653     218.018      24.515     131.446
      1.350      41.096      98.874      83.959     217.253      22.625     129.841
      1.360      43.265      99.091      85.250     216.469      20.785     128.259
      1.370      45.425      99.290      86.525     215.668      18.995     126.699
      1.380      47.578      99.471      87.784     214.853      17.252     125.162
      1.390      49.722      99.636      89.028     214.023      15.555     123.646
      1.400      51.858      99.783      90.257     213.182      13.902     122.152
      1.410      53.986      99.914      91.471     212.329      12.293     120.679
      1.420      56.105     100.029      92.671     211.466      10.726     119.228
      1.430      58.215     100.128      93.856     210.594       9.200     117.798
      1.440      60.317     100.213      95.027     209.714       7.713     116.388
      1.450      62.409     100.283      96.184     208.828       6.264     114.999
      1.460      64.493     100.339      97.327     207.935       4.853     113.631
      1.470      66.568     100.380      98.456     207.037       3.478     112.283
      1.480      68.634     100.408      99.573     206.134       2.137     110.954
      1.490      70.691     100.423     100.676     205.228       0.830     109.644
      1.500      72.739     100.425     101.766     204.318      -0.444     108.354
      1.510      74.777     100.414     102.843     203.406      -1.686     107.083
      1.520      76.807     100.391     103.907     202.491      -2.897     105.830
      1.530      78.827     100.357     104.959     201.575      -4.078     104.595
      1.540      80.838     100.310     105.999     200.658      -5.231     103.378
      1.550      82.840     100.252     107.027     199.741      -6.355     102.178
      1.560      84.833     100.183     108.043     198.823      -7.452     100.996
      1.570      86.817     100.103     109.047     197.906      -8.523      99.830
      1.580      88.791     100.013     110.040     196.989      -9.568      98.681
      1.590      90.756      99.912     111.021     196.073     -10.588      97.549
      1.600      92.713      99.801     111.991     195.158     -11.583      96.432
      1.610      94.660      99.680     112.949     194.245     -12.556      95.331
      1.620      96.597      99.550     113.897     193.333     -13.505      94.245
      1.630      98.526      99.410     114.834     192.423     -14.433      93.175
      1.640     100.446      99.262     115.761     191.516     -15.339      92.119
      1.650     102.357      99.104     116.677     190.611     -16.224      91.077
      1.660     104.258      98.937     117.583     189.709     -17.089      90.050
      1.670     106.151      98.762     118.478     188.809     -17.934      89.037
      1.680     108.034      98.579     119.363     187.913     -18.760      88.037
      1.690     109.909      98.387     120.239     187.019     -19.568      87.051
      1.700     111.775      98.187     121.104     186.129     -20.357      86.078
      1.710     113.632      97.980     121.960     185.242     -21.129      85.118
      1.720     115.480      97.765     122.807     184.358     -21.884      84.171
      1.730     117.319      97.542     123.644     183.478     -22.622      83.236
      1.740     119.149      97.312     124.472     182.602     -23.345      82.313
      1.750     120.971      97.076     125.290     181.729     -24.051      81.402
      1.760     122.784      96.832     126.100     180.860     -24.742      80.503
      1.770     124.588      96.581     126.900     179.995     -25.418      79.615
      1.780     126.384      96.323     127.692     179.134     -26.080      78.738
      1.790     128.171      96.059     128.475     178.277     -26.728      77.873
      1.800     129.949      95.789     129.250     177.424     -27.362      77.018
      1.810     131.719      95.512     130.016     176.575     -27.983      76.174
      1.820     133.481      95.229     130.773     175.730     -28.591      75.340
      1.830     135.234      94.940     131.522     174.889     -29.186      74.516
      1.840     136.979      94.646     132.264     174.052     -29.768      73.703
      1.850     138.715      94.345     132.997     173.220     -30.339      72.899
      1.860     140.443      94.039     133.722     172.391     -30.898      72.105
      1.870     142.163      93.727     134.439     171.567     -31.446      71.321
      1.880     143.874      93.410     135.148     170.747     -31.982      70.545
      1.890     145.578      93.087     135.850     169.931     -32.508      69.779
      1.900     147.273      92.760     136.544     169.120     -33.023      69.022
      1.910     148.960      92.427     137.230     168.313     -33.527      68.273
      1.920     150.639      92.089     137.909     167.510     -34.022      67.533
      1.930     152.310      91.747     138.581     166.711     -34.507      66.802
      1.940     153.973      91.399     139.245     165.916     -34.982      66.079
      1.950     155.629      91.047     139.902     165.125     -35.448      65.364
      1.960     157.276      90.690     140.553     164.339     -35.905      64.657
      1.970     158.915      90.329     141.196     163.557     -36.352      63.958
      1.980     160.547      89.963     141.832     162.779     -36.792      63.267
      1.990     162.171      89.593     142.461     162.005     -37.222      62.583
      2.000     163.787      89.219     143.083     161.235     -37.644      61.906
      2.010     165.396      88.840     143.699     160.470     -38.059      61.237
      2.020     166.997      88.458     144.308     159.708     -38.465      60.576
      2.030     168.590      88.071     144.911     158.950     -38.863      59.921
      2.040     170.176      87.681     145.507     158.197     -39.254      59.273
      2.050     171.754      87.286     146.096     157.447     -39.638      58.632
      2.060     173.325      86.888     146.679     156.702     -40.014      57.998
      2.070     174.888      86.486     147.256     155.960     -40.383      57.370
      2.080     176.444      86.080     147.827     155.223     -40.746      56.749
      2.090     177.992      85.671     148.391     154.489     -41.101      56.134
      2.100     179.534      85.258     148.949     153.759     -41.450      55.525
      2.110     181.068      84.842     149.502     153.033     -41.792      54.922
      2.120     182.594      84.422     150.048     152.311     -42.128      54.326
      2.130     184.114      83.999     150.588     151.593     -42.458      53.735
      2.140     185.626      83.573     151.123     150.878     -42.782      53.151
      2.150     187.132      83.144     151.651     150.168     -43.100      52.572
      2.160     188.630      82.711     152.174     149.460     -43.412      51.999
      2.170     190.121      82.276     152.691     148.757     -43.719      51.431
      2.180     191.605      81.837     153.203     148.057     -44.019      50.869
      2.190     193.082      81.395     153.709     147.361     -44.315      50.312
      2.200     194.552      80.951     154.209     146.669     -44.605      49.760
      2.210     196.015      80.503     154.704     145.980     -44.890      49.214
      2.220     197.472      80.053     155.193     145.295     -45.169      48.673
      2.230     198.921      79.600     155.677     144.613     -45.444      48.136
      2.240     200.364      79.144     156.156     143.934     -45.714      47.605
      2.250     201.800      78.686     156.630     143.259     -45.978      47.079
      2.260     203.229      78.225     157.098     142.588     -46.239      46.557
      2.270     204.652      77.761     157.561     141.920     -46.494      46.041
      2.280     206.068      77.295     158.019     141.255     -46.745      45.529
      2.290     207.477      76.826     158.471     140.594     -46.992      45.021
      2.300     208.879      76.355     158.919     139.935     -47.234      44.518
      2.310     210.276      75.881     159.362     139.281     -47.472      44.020
      2.320     211.665      75.405     159.799     138.629     -47.705      43.525
      2.330     213.048      74.927     160.232     137.981     -47.935      43.036
      2.340     214.425      74.447     160.660     137.335     -48.160      42.550
      2.350     215.795      73.964     161.083     136.693     -48.382      42.069
      2.360     217.159      73.479     161.502     136.054     -48.599      41.592
      2.370     218.516      72.992     161.915     135.419     -48.813      41.118
      2.380     219.867      72.503     162.324     134.786     -49.023      40.649
      2.390     221.212      72.012     162.728     134.156     -49.229      40.184
      2.400     222.550      71.518     163.128     133.529     -49.432      39.723
      2.410     223.882      71.023     163.523     132.906     -49.631      39.265
      2.420     225.208      70.526     163.913     132.285     -49.827      38.812
      2.430     226.528      70.027     164.299     131.667     -50.019      38.362
      2.440     227.842      69.525     164.680     131.052     -50.208      37.915
      2.450     229.149      69.022     165.057     130.440     -50.393      37.473
      2.460     230.450      68.518     165.430     129.831     -50.576      37.033
      2.470     231.746      68.011     165.798     129.225     -50.755      36.598
      2.480     233.035      67.502     166.162     128.621     -50.931      36.166
      2.490     234.318      66.992     166.521     128.020     -51.104      35.737
      2.500     235.595      66.480     166.876     127.422     -51.274      35.312
      2.510     236.867      65.967     167.227     126.827     -51.440      34.890
      2.520     238.132      65.452     167.574     126.234     -51.604      34.471
      2.530     239.391      64.935     167.917     125.645     -51.765      34.056
      2.540     240.645      64.416     168.255     125.057     -51.924      33.643
      2.550     241.892      63.896     168.590     124.473     -52.079      33.234
      2.560     243.134      63.375     168.920     123.890     -52.232      32.828
      2.570     244.370      62.852     169.246     123.311     -52.382      32.425
      2.580     245.601      62.327     169.569     122.734     -52.529      32.025
      2.590     246.825      61.801     169.887     122.159     -52.674      31.628
      2.600     248.044      61.274     170.201     121.587     -52.816      31.234
      2.610     249.257      60.745     170.512     121.018     -52.956      30.843
      2.620     250.464      60.215     170.818     120.451     -53.093      30.455
      2.630     251.666      59.683     171.121     119.886     -53.228      30.070
      2.640     252.862      59.150     171.419     119.324     -53.361      29.687
      2.650     254.052      58.616     171.714     118.764     -53.491      29.307
      2.660     255.237      58.080     172.006     118.207     -53.619      28.930
      2.670     256.416      57.543     172.293     117.652     -53.744      28.556
      2.680     257.590      57.005     172.577     117.099     -53.867      28.184
      2.690     258.758      56.466     172.857     116.548     -53.988      27.815
      2.700     259.921      55.926     173.133     116.000     -54.107      27.448
      2.710     261.078      55.384     173.406     115.454     -54.224      27.084
      2.720     262.230      54.841     173.675     114.910     -54.338      26.723
      2.730     263.377      54.297     173.940     114.369     -54.451      26.364
      2.740     264.518      53.752     174.202     113.829     -54.561      26.007
      2.750     265.653      53.206     174.460     113.292     -54.669      25.653
      2.760     266.783      52.659     174.715     112.757     -54.776      25.302
      2.770     267.908      52.110     174.966     112.224     -54.880      24.952
      2.780     269.028      51.561     175.214     111.693     -54.983      24.605
      2.790     270.142      51.011     175.459     111.164     -55.083      24.261
      2.800     271.251      50.459     175.699     110.638     -55.182      23.918
      2.810     272.355      49.907     175.937     110.113     -55.279      23.578
      2.820     273.454      49.354     176.171     109.590     -55.374      23.240
      2.830     274.547      48.800     176.402     109.070     -55.467      22.905
      2.840     275.635      48.245     176.629     108.551     -55.559      22.571
      2.850     276.718      47.689     176.853     108.035     -55.648      22.240
      2.860     277.796      47.132     177.074     107.520     -55.736      21.911
      2.870     278.868      46.574     177.291     107.007     -55.823      21.583
      2.880     279.936      46.015     177.506     106.496     -55.907      21.258
      2.890     280.998      45.456     177.717     105.987     -55.990      20.935
      2.900     282.056      44.895     177.924     105.480     -56.072      20.614
      2.910     283.108      44.334     178.129     104.975     -56.151      20.295
      2.920     284.155      43.772     178.330     104.472     -56.230      19.978
      2.930     285.197      43.210     178.528     103.970     -56.306      19.663
      2.940     286.234      42.646     178.723     103.471     -56.381      19.350
      2.950     287.267      42.082     178.915     102.973     -56.455      19.039
      2.960     288.294      41.517     179.104     102.477     -56.527      18.730
      2.970     289.316      40.951     179.290     101.982     -56.598      18.423
      2.980     290.334      40.385     179.473     101.490     -56.667      18.117
      2.990     291.346      39.818     179.652     100.999     -56.734      17.813
      3.000     292.354      39.250     179.829     100.510     -56.801      17.512
      3.010     293.356      38.682     180.003     100.022     -56.865      17.211
      3.020     294.354      38.113     180.173      99.537     -56.929      16.913
      3.030     295.347      37.544     180.341      99.053     -56.991      16.617
      3.040     296.335      36.973     180.506      98.570     -57.052      16.322
      3.050     297.318      36.403     180.667      98.089     -57.111      16.029
      3.060     298.297      35.831     180.826      97.610     -57.169      15.737
      3.070     299.271      35.259     180.982      97.133     -57.226      15.447
      3.080     300.240      34.687     181.135      96.657     -57.282      15.159
      3.090     301.204      34.114     181.285      96.182     -57.336      14.873
      3.100     302.163      33.540     181.433      95.710     -57.389      14.588
      3.110     303.118      32.966     181.577      95.238     -57.441      14.305
      3.120     304.068      32.391     181.719      94.769     -57.491      14.023
      3.130     305.013      31.816     181.858      94.301     -57.541      13.743
      3.140     305.954      31.240     181.994      93.834     -57.589      13.465
      3.150     306.890      30.664     182.127      93.369     -57.636      13.188
      3.160     307.821      30.088     182.257      92.905     -57.682      12.912
      3.170     308.748      29.511     182.385      92.443     -57.726      12.639
      3.180     309.670      28.933     182.510      91.982     -57.770      12.366
      3.190     310.588      28.355     182.632      91.523     -57.812      12.095
      3.200     311.501      27.777     182.752      91.065     -57.853      11.826
      3.210     312.409      27.198     182.869      90.609     -57.894      11.558
      3.220     313.313      26.619     182.983      90.154     -57.933      11.291
      3.230     314.212      26.039     183.095      89.700     -57.971      11.026
      3.240     315.107      25.460     183.204      89.248     -58.008      10.762
      3.250     315.997      24.879     183.310      88.797     -58.044      10.500
      3.260     316.883      24.299     183.414      88.348     -58.079      10.239
      3.270     317.764      23.718     183.515      87.899     -58.113       9.979
      3.280     318.641      23.136     183.613      87.453     -58.146       9.721
      3.290     319.513      22.555     183.709      87.007     -58.177       9.464
      3.300     320.381      21.973     183.803      86.563     -58.208       9.208
      3.310     321.244      21.391     183.893      86.120     -58.238       8.954
      3.320     322.103      20.808     183.982      85.679     -58.267       8.701
      3.330     322.958      20.225     184.067      85.238     -58.295       8.449
      3.340     323.808      19.642     184.151      84.799     -58.322       8.199
      3.350     324.654      19.059     184.231      84.362     -58.348       7.950
      3.360     325.495      18.475     184.310      83.925     -58.374       7.702
      3.370     326.332      17.891     184.385      83.490     -58.398       7.455
      3.380     327.165      17.307     184.459      83.056     -58.421       7.210
      3.390     327.994      16.723     184.530      82.623     -58.444       6.965
      3.400     328.818      16.138     184.598      82.191     -58.465       6.722
      3.410     329.637      15.554     184.664      81.761     -58.486       6.480
      3.420     330.453      14.969     184.728      81.331     -58.506       6.240
      3.430     331.264      14.384     184.789      80.903     -58.525       6.000
      3.440     332.071      13.798     184.848      80.476     -58.543       5.762
      3.450     332.874      13.213     184.904      80.051     -58.560       5.524
      3.460     333.672      12.627     184.958      79.626     -58.577       5.288
      3.470     334.466      12.041     185.010      79.203     -58.593       5.053
      3.480     335.256      11.455     185.059      78.780     -58.607       4.820
      3.490     336.042      10.869     185.106      78.359     -58.621       4.587
      3.500     336.823      10.283     185.151      77.939     -58.635       4.355
      3.510     337.601       9.696     185.193      77.520     -58.647       4.125
      3.520     338.374       9.110     185.234      77.102     -58.659       3.895
      3.530     339.143       8.523     185.271      76.685     -58.669       3.667
      3.540     339.907       7.936     185.307      76.269     -58.680       3.439
      3.550     340.668       7.350     185.340      75.854     -58.689       3.213
      3.560     341.424       6.763     185.371      75.441     -58.697       2.988
      3.570     342.177       6.176     185.400      75.028     -58.705       2.763
      3.580     342.925       5.589     185.426      74.616     -58.712       2.540
      3.590     343.669       5.001     185.451      74.206     -58.719       2.318
      3.600     344.409       4.414     185.473      73.796     -58.724       2.096
      3.610     345.145       3.827     185.493      73.387     -58.729       1.876
      3.620     345.877       3.240     185.510      72.980     -58.733       1.657
      3.630     346.605       2.652     185.526      72.573     -58.737       1.439
      3.640     347.328       2.065     185.539      72.167     -58.739       1.221
      3.650     348.048       1.477     185.550      71.763     -58.742       1.005
      3.660     348.764       0.890     185.559      71.359     -58.743       0.789
      3.670     349.475       0.303     185.566      70.956     -58.744       0.575
      3.680     350.183      -0.285     185.571      70.554     -58.744       0.361
      3.690     350.886      -0.872     185.573      70.154     -58.743       0.149
      3.700     351.586      -1.460     185.574      69.754     -58.742      -0.063
      3.710     352.281      -2.047     185.572      69.355     -58.740      -0.274
      3.720     352.973      -2.634     185.568      68.957     -58.737      -0.484
      3.730     353.660      -3.222     185.562      68.559     -58.734      -0.693
      3.740     354.344      -3.809     185.554      68.163     -58.730      -0.901
      3.750     355.024      -4.396     185.544      67.768     -58.725      -1.108
      3.760     355.699      -4.984     185.532      67.373     -58.720      -1.315
      3.770     356.371      -5.571     185.518      66.979     -58.714      -1.520
      3.780     357.039      -6.158     185.502      66.587     -58.708      -1.725
      3.790     357.703      -6.745     185.484      66.195     -58.701      -1.929
      3.800     358.363      -7.332     185.463      65.804     -58.693      -2.132
      3.810     359.019      -7.919     185.441      65.413     -58.685      -2.334
      3.820     359.671      -8.506     185.417      65.024     -58.676      -2.535
      3.830     360.319      -9.092     185.390      64.635     -58.666      -2.736
      3.840     360.964      -9.679     185.362      64.248     -58.656      -2.935
      3.850     361.604     -10.265     185.331      63.861     -58.645      -3.134
      3.860     362.241     -10.852     185.299      63.475     -58.634      -3.332
      3.870     362.874     -11.438     185.265      63.089     -58.622      -3.530
      3.880     363.503     -12.024     185.229      62.705     -58.610      -3.726
      3.890     364.128     -12.610     185.190      62.321     -58.597      -3.922
      3.900     364.749     -13.196     185.150      61.938     -58.583      -4.117
      3.910     365.367     -13.782     185.108      61.556     -58.569      -4.311
      3.920     365.980     -14.368     185.064      61.175     -58.555      -4.504
      3.930     366.590     -14.953     185.018      60.794     -58.539      -4.697
      3.940     367.196     -15.538     184.970      60.414     -58.524      -4.889
      3.950     367.799     -16.124     184.920      60.035     -58.507      -5.080
      3.960     368.397     -16.709     184.868      59.657     -58.490      -5.271
      3.970     368.992     -17.293     184.815      59.279     -58.473      -5.460
      3.980     369.583     -17.878     184.759      58.902     -58.455      -5.649
      3.990     370.170     -18.462     184.702      58.526     -58.437      -5.838
      4.000     370.753     -19.047     184.642      58.151     -58.418      -6.025
      4.010     371.333     -19.631     184.581      57.776     -58.398      -6.212
      4.020     371.909     -20.215     184.518      57.402     -58.378      -6.398
      4.030     372.481     -20.798     184.453      57.028     -58.357      -6.583
      4.040     373.049     -21.382     184.387      56.656     -58.336      -6.768
      4.050     373.614     -21.965     184.318      56.284     -58.315      -6.952
      4.060     374.175     -22.548     184.247      55.913     -58.293      -7.136
      4.070     374.732     -23.131     184.175      55.542     -58.270      -7.318
      4.080     375.286     -23.713     184.101      55.172     -58.247      -7.500
      4.090     375.836     -24.296     184.025      54.803     -58.223      -7.682
      4.100     376.382     -24.878     183.947      54.434     -58.199      -7.862
      4.110     376.924     -25.460     183.868      54.066     -58.175      -8.042
      4.120     377.463     -26.041     183.787      53.699     -58.150      -8.222
      4.130     377.998     -26.623     183.704      53.332     -58.124      -8.400
      4.140     378.530     -27.204     183.619      52.966     -58.098      -8.578
      4.150     379.058     -27.785     183.532      52.601     -58.071      -8.756
      4.160     379.582     -28.365     183.444      52.236     -58.044      -8.933
      4.170     380.102     -28.946     183.353      51.872     -58.017      -9.109
      4.180     380.619     -29.526     183.261      51.509     -57.989      -9.284
      4.190     381.133     -30.105     183.168      51.146     -57.961      -9.459
      4.200     381.642     -30.685     183.072      50.783     -57.932      -9.634
      4.210     382.148     -31.264     182.975      50.422     -57.902      -9.807
      4.220     382.651     -31.843     182.876      50.060     -57.873      -9.980
      4.230     383.149     -32.422     182.775      49.700     -57.842     -10.153
      4.240     383.645     -33.000     182.673      49.340     -57.812     -10.325
      4.250     384.136     -33.578     182.569      48.981     -57.780     -10.496
      4.260     384.624     -34.155     182.463      48.622     -57.749     -10.667
      4.270     385.109     -34.733     182.356      48.264     -57.717     -10.837
      4.280     385.590     -35.310     182.246      47.906     -57.684     -11.006
      4.290     386.067     -35.886     182.135      47.549     -57.651     -11.175
      4.300     386.541     -36.463     182.023      47.192     -57.618     -11.344
      4.310     387.011     -37.039     181.909      46.836     -57.584     -11.512
      4.320     387.477     -37.614     181.793      46.481     -57.550     -11.679
      4.330     387.940     -38.190     181.675      46.126     -57.515     -11.846
      4.340     388.400     -38.765     181.556      45.771     -57.480     -12.012
      4.350     388.856     -39.339     181.435      45.418     -57.444     -12.177
      4.360     389.308     -39.914     181.312      45.064     -57.408     -12.342
      4.370     389.757     -40.488     181.188      44.711     -57.372     -12.507
      4.380     390.202     -41.061     181.062      44.359     -57.335     -12.671
      4.390     390.644     -41.634     180.934      44.007     -57.298     -12.834
      4.400     391.082     -42.207     180.805      43.656     -57.260     -12.997
      4.410     391.517     -42.779     180.675      43.305     -57.222     -13.160
      4.420     391.949     -43.351     180.542      42.955     -57.184     -13.321
      4.430     392.376     -43.923     180.408      42.605     -57.145     -13.483
      4.440     392.801     -44.494     180.272      42.256     -57.105     -13.644
      4.450     393.221     -45.065     180.135      41.907     -57.066     -13.804
      4.460     393.639     -45.636     179.996      41.558     -57.025     -13.964
      4.470     394.053     -46.206     179.856      41.210     -56.985     -14.123
      4.480     394.463     -46.775     179.714      40.863     -56.944     -14.282
      4.490     394.870     -47.345     179.570      40.516     -56.903     -14.440
      4.500     395.273     -47.913     179.425      40.169     -56.861     -14.598
      4.510     395.673     -48.482     179.278      39.823     -56.819     -14.755
      4.520     396.070     -49.050     179.130      39.478     -56.776     -14.912
      4.530     396.463     -49.617     178.980      39.133     -56.733     -15.068
      4.540     396.852     -50.184     178.829      38.788     -56.690     -15.224
      4.550     397.239     -50.751     178.676      38.443     -56.646     -15.379
      4.560     397.621     -51.317     178.521      38.100     -56.602     -15.534
      4.570     398.001     -51.883     178.365      37.756     -56.557     -15.688
      4.580     398.376     -52.448     178.207      37.413     -56.512     -15.842
      4.590     398.749     -53.013     178.048      37.071     -56.467     -15.996
      4.600     399.118     -53.578     177.887      36.728     -56.421     -16.149
      4.610     399.483     -54.142     177.725      36.387     -56.375     -16.301
      4.620     399.846     -54.705     177.561      36.045     -56.329     -16.453
      4.630     400.204     -55.268     177.396      35.704     -56.282     -16.605
      4.640     400.560     -55.831     177.229      35.364     -56.235     -16.756
      4.650     400.912     -56.393     177.061      35.023     -56.187     -16.907
      4.660     401.260     -56.955     176.891      34.684     -56.139     -17.057
      4.670     401.605     -57.516     176.720      34.344     -56.091     -17.207
      4.680     401.947     -58.077     176.547      34.005     -56.042     -17.356
      4.690     402.285     -58.637     176.373      33.667     -55.993     -17.505
      4.700     402.620     -59.196     176.197      33.328     -55.943     -17.653
      4.710     402.952     -59.756     176.020      32.991     -55.893     -17.801
      4.720     403.280     -60.314     175.841      32.653     -55.843     -17.949
      4.730     403.605     -60.872     175.661      32.316     -55.792     -18.096
      4.740     403.927     -61.430     175.479      31.979     -55.741     -18.243
      4.750     404.245     -61.987     175.296      31.643     -55.690     -18.389
      4.760     404.559     -62.544     175.111      31.306     -55.638     -18.535
      4.770     404.871     -63.100     174.925      30.971     -55.586     -18.681
      4.780     405.179     -63.656     174.738      30.635     -55.534     -18.826
      4.790     405.483     -64.211     174.549      30.300     -55.481     -18.970
      4.800     405.785     -64.765     174.358      29.966     -55.427     -19.115
      4.810     406.083     -65.319     174.166      29.631     -55.374     -19.259
      4.820     406.377     -65.873     173.973      29.297     -55.320     -19.402
      4.830     406.669     -66.426     173.778      28.963     -55.266     -19.545
      4.840     406.957     -66.978     173.582      28.630     -55.211     -19.688
      4.850     407.241     -67.530     173.385      28.297     -55.156     -19.830
      4.860     407.523     -68.081     173.186      27.964     -55.101     -19.972
      4.870     407.801     -68.632     172.985      27.632     -55.045     -20.113
      4.880     408.075     -69.182     172.783      27.299     -54.989     -20.254
      4.890     408.347     -69.732     172.580      26.967     -54.932     -20.395
      4.900     408.615     -70.281     172.375      26.636     -54.875     -20.535
      4.910     408.879     -70.829     172.169      26.305     -54.818     -20.675
      4.920     409.141     -71.377     171.962      25.974     -54.761     -20.815
      4.930     409.399     -71.924     171.753      25.643     -54.703     -20.954
      4.940     409.654     -72.471     171.543      25.313     -54.645     -21.093
      4.950     409.905     -73.017     171.331      24.982     -54.586     -21.231
      4.960     410.153     -73.563     171.118      24.653     -54.527     -21.369
      4.970     410.398     -74.108     170.904      24.323     -54.468     -21.507
      4.980     410.640     -74.652     170.688      23.994     -54.408     -21.644
      4.990     410.878     -75.196     170.471      23.665     -54.348     -21.781
      5.000     411.113     -75.739     170.252      23.336     -54.288     -21.918
      5.010     411.345     -76.282     170.033      23.007     -54.227     -22.054
      5.020     411.573     -76.824     169.811      22.679     -54.166     -22.190
      5.030     411.798     -77.365     169.589      22.351     -54.104     -22.325
      5.040     412.020     -77.906     169.365      22.023     -54.043     -22.460
      5.050     412.239     -78.446     169.140      21.696     -53.981     -22.595
      5.060     412.454     -78.985     168.913      21.369     -53.918     -22.729
      5.070     412.666     -79.524     168.685      21.042     -53.855     -22.864
      5.080     412.875     -80.062     168.456      20.715     -53.792     -22.997
      5.090     413.080     -80.600     168.225      20.388     -53.729     -23.131
      5.100     413.283     -81.137     167.993      20.062     -53.665     -23.264
      5.110     413.482     -81.673     167.760      19.736     -53.600     -23.396
      5.120     413.677     -82.209     167.525      19.410     -53.536     -23.529
      5.130     413.870     -82.744     167.289      19.084     -53.471     -23.661
      5.140     414.059     -83.278     167.052      18.759     -53.406     -23.793
      5.150     414.245     -83.812     166.813      18.434     -53.340     -23.924
      5.160     414.428     -84.345     166.573      18.109     -53.274     -24.055
      5.170     414.607     -84.878     166.332      17.784     -53.208     -24.186
      5.180     414.783     -85.409     166.090      17.459     -53.141     -24.316
      5.190     414.956     -85.940     165.846      17.135     -53.074     -24.446
      5.200     415.126     -86.471     165.601      16.811     -53.007     -24.576
      5.210     415.293     -87.001     165.354      16.487     -52.939     -24.705
      5.220     415.456     -87.530     165.107      16.163     -52.871     -24.834
      5.230     415.616     -88.058     164.858      15.839     -52.803     -24.963
      5.240     415.773     -88.586     164.607      15.516     -52.734     -25.092
      5.250     415.926     -89.113     164.356      15.193     -52.665     -25.220
      5.260     416.077     -89.639     164.103      14.870     -52.596     -25.348
      5.270     416.224     -90.165     163.849      14.547     -52.526     -25.475
      5.280     416.367     -90.689     163.594      14.224     -52.456     -25.602
      5.290     416.508     -91.214     163.337      13.901     -52.385     -25.729
      5.300     416.645     -91.737     163.079      13.579     -52.315     -25.856
      5.310     416.780     -92.260     162.820      13.257     -52.243     -25.982
      5.320     416.911     -92.782     162.559      12.935     -52.172     -26.108
      5.330     417.038     -93.303     162.298      12.613     -52.100     -26.234
      5.340     417.163     -93.824     162.035      12.291     -52.028     -26.359
      5.350     417.284     -94.344     161.770      11.970     -51.955     -26.484
      5.360     417.402     -94.863     161.505      11.648     -51.883     -26.609
      5.370     417.517     -95.382     161.238      11.327     -51.809     -26.733
      5.380     417.629     -95.899     160.970      11.006     -51.736     -26.858
      5.390     417.737     -96.416     160.701      10.685     -51.662     -26.981
      5.400     417.842     -96.933     160.431      10.364     -51.588     -27.105
      5.410     417.945     -97.448     160.159      10.043     -51.513     -27.228
      5.420     418.043     -97.963     159.886       9.722     -51.438     -27.351
      5.430     418.139     -98.477     159.612       9.402     -51.363     -27.474
      5.440     418.231     -98.990     159.337       9.081     -51.287     -27.597
      5.450     418.321     -99.503     159.060       8.761     -51.211     -27.719
      5.460     418.407    -100.014     158.782       8.441     -51.135     -27.841
      5.470     418.489    -100.525     158.503       8.121     -51.058     -27.962
      5.480     418.569    -101.035     158.223       7.801     -50.981     -28.084
      5.490     418.645    -101.545     157.942       7.481     -50.904     -28.205
      5.500     418.719    -102.054     157.659       7.161     -50.826     -28.325
      5.510     418.789    -102.561     157.375       6.842     -50.748     -28.446
      5.520     418.855    -103.068     157.090       6.522     -50.669     -28.566
      5.530     418.919    -103.575     156.804       6.203     -50.591     -28.686
      5.540     418.980    -104.080     156.516       5.884     -50.511     -28.806
      5.550     419.037    -104.585     156.228       5.564     -50.432     -28.925
      5.560     419.091    -105.089     155.938       5.245     -50.352     -29.044
      5.570     419.142    -105.592     155.647       4.926     -50.272     -29.163
      5.580     419.189    -106.094     155.355       4.607     -50.191     -29.282
      5.590     419.234    -106.596     155.061       4.288     -50.111     -29.400
      5.600     419.275    -107.097     154.767       3.970     -50.029     -29.518
      5.610     419.313    -107.596     154.471       3.651     -49.948     -29.636
      5.620     419.348    -108.096     154.174       3.332     -49.866     -29.754
      5.630     419.380    -108.594     153.876       3.014     -49.783     -29.871
      5.640     419.408    -109.091     153.576       2.695     -49.701     -29.988
      5.650     419.434    -109.588     153.276       2.376     -49.618     -30.105
      5.660     419.456    -110.084     152.974       2.058     -49.534     -30.221
      5.670     419.475    -110.578     152.672       1.740     -49.451     -30.337
      5.680     419.491    -111.073     152.368       1.421     -49.366     -30.453
      5.690     419.503    -111.566     152.062       1.103     -49.282     -30.569
      5.700     419.513    -112.058     151.756       0.785     -49.197     -30.685
      5.710     419.519    -112.550     151.449       0.467     -49.112     -30.800
      5.720     419.522    -113.040     151.140       0.149     -49.026     -30.915
      5.730     419.522    -113.530     150.830      -0.170     -48.941     -31.030
      5.740     419.519    -114.019     150.520      -0.488     -48.854     -31.144
      5.750     419.512    -114.507     150.208      -0.806     -48.768     -31.259
      5.760     419.503    -114.995     149.894      -1.124     -48.681     -31.373
      5.770     419.490    -115.481     149.580      -1.442     -48.593     -31.486
      5.780     419.474    -115.966     149.265      -1.760     -48.506     -31.600
      5.790     419.455    -116.451     148.948      -2.078     -48.418     -31.713
      5.800     419.432    -116.935     148.630      -2.396     -48.329     -31.826
      5.810     419.407    -117.418     148.312      -2.713     -48.240     -31.939
      5.820     419.378    -117.900     147.992      -3.031     -48.151     -32.052
      5.830     419.346    -118.381     147.671      -3.349     -48.062     -32.164
      5.840     419.311    -118.861     147.348      -3.667     -47.972     -32.276
      5.850     419.273    -119.340     147.025      -3.985     -47.881     -32.388
      5.860     419.231    -119.818     146.701      -4.303     -47.791     -32.500
      5.870     419.187    -120.296     146.375      -4.621     -47.700     -32.611
      5.880     419.139    -120.772     146.048      -4.939     -47.608     -32.722
      5.890     419.088    -121.248     145.721      -5.257     -47.516     -32.833
      5.900     419.034    -121.723     145.392      -5.574     -47.424     -32.944
      5.910     418.976    -122.197     145.062      -5.892     -47.332     -33.054
      5.920     418.916    -122.669     144.731      -6.210     -47.239     -33.164
      5.930     418.852    -123.141     144.398      -6.528     -47.146     -33.274
      5.940     418.785    -123.612     144.065      -6.846     -47.052     -33.384
      5.950     418.715    -124.082     143.731      -7.164     -46.958     -33.494
      5.960     418.642    -124.551     143.395      -7.482     -46.863     -33.603
      5.970     418.566    -125.020     143.059      -7.800     -46.769     -33.712
      5.980     418.486    -125.487     142.721      -8.119     -46.673     -33.821
      5.990     418.403    -125.953     142.382      -8.437     -46.578     -33.930
      6.000     418.317    -126.418     142.042      -8.755     -46.482     -34.038
      6.010     418.228    -126.883     141.702      -9.073     -46.385     -34.146
      6.020     418.136    -127.346     141.360      -9.391     -46.289     -34.254
      6.030     418.040    -127.809     141.016      -9.710     -46.192     -34.362
      6.040     417.942    -128.270     140.672     -10.028     -46.094     -34.470
      6.050     417.840    -128.730     140.327     -10.347     -45.996     -34.577
      6.060     417.735    -129.190     139.981     -10.665     -45.898     -34.684
      6.070     417.626    -129.648     139.633     -10.984     -45.799     -34.791
      6.080     417.515    -130.106     139.285     -11.302     -45.700     -34.898
      6.090     417.400    -130.562     138.935     -11.621     -45.600     -35.004
      6.100     417.283    -131.018     138.585     -11.940     -45.501     -35.111
      6.110     417.162    -131.472     138.233     -12.259     -45.400     -35.217
      6.120     417.037    -131.926     137.880     -12.577     -45.300     -35.322
      6.130     416.910    -132.378     137.527     -12.896     -45.198     -35.428
      6.140     416.780    -132.830     137.172     -13.216     -45.097     -35.533
      6.150     416.646    -133.280     136.816     -13.535     -44.995     -35.639
      6.160     416.509    -133.730     136.459     -13.854     -44.893     -35.744
      6.170     416.369    -134.178     136.101     -14.173     -44.790     -35.848
      6.180     416.225    -134.626     135.742     -14.493     -44.687     -35.953
      6.190     416.079    -135.072     135.382     -14.812     -44.583     -36.057
      6.200     415.929    -135.517     135.021     -15.132     -44.479     -36.162
      6.210     415.776    -135.961     134.659     -15.452     -44.375     -36.266
      6.220     415.620    -136.405     134.296     -15.772     -44.270     -36.369
      6.230     415.461    -136.847     133.932     -16.091     -44.165     -36.473
      6.240     415.298    -137.288     133.566     -16.412     -44.059     -36.576
      6.250     415.133    -137.728     133.200     -16.732     -43.953     -36.679
      6.260     414.964    -138.167     132.833     -17.052     -43.847     -36.782
      6.270     414.791    -138.605     132.464     -17.372     -43.740     -36.885
      6.280     414.616    -139.042     132.095     -17.693     -43.633     -36.987
      6.290     414.438    -139.478     131.725     -18.014     -43.525     -37.090
      6.300     414.256    -139.912     131.353     -18.334     -43.417     -37.192
      6.310     414.071    -140.346     130.981     -18.655     -43.308     -37.294
      6.320     413.883    -140.779     130.607     -18.976     -43.199     -37.396
      6.330     413.691    -141.210     130.233     -19.298     -43.090     -37.497
      6.340     413.497    -141.640     129.857     -19.619     -42.980     -37.598
      6.350     413.299    -142.070     129.481     -19.940     -42.870     -37.700
      6.360     413.098    -142.498     129.103     -20.262     -42.759     -37.800
      6.370     412.894    -142.925     128.725     -20.584     -42.648     -37.901
      6.380     412.686    -143.351     128.345     -20.906     -42.536     -38.002
      6.390     412.476    -143.775     127.965     -21.228     -42.424     -38.102
      6.400     412.262    -144.199     127.583     -21.550     -42.311     -38.202
      6.410     412.045    -144.622     127.201     -21.873     -42.198     -38.302
      6.420     411.824    -145.043     126.817     -22.195     -42.085     -38.402
      6.430     411.601    -145.463     126.433     -22.518     -41.971     -38.501
      6.440     411.374    -145.883     126.047     -22.841     -41.857     -38.601
      6.450     411.144    -146.300     125.661     -23.164     -41.742     -38.700
      6.460     410.911    -146.717     125.273     -23.487     -41.627     -38.799
      6.470     410.674    -147.133     124.885     -23.811     -41.511     -38.898
      6.480     410.434    -147.548     124.495     -24.135     -41.395     -38.996
      6.490     410.191    -147.961     124.105     -24.458     -41.278     -39.095
      6.500     409.945    -148.373     123.713     -24.783     -41.161     -39.193
      6.510     409.696    -148.784     123.321     -25.107     -41.044     -39.291
      6.520     409.443    -149.194     122.928     -25.431     -40.926     -39.389
      6.530     409.187    -149.603     122.533     -25.756     -40.807     -39.486
      6.540     408.928    -150.010     122.138     -26.081     -40.688     -39.584
      6.550     408.666    -150.416     121.742     -26.406     -40.569     -39.681
      6.560     408.400    -150.822     121.344     -26.731     -40.449     -39.778
      6.570     408.131    -151.225     120.946     -27.057     -40.328     -39.875
      6.580     407.859    -151.628     120.547     -27.382     -40.207     -39.972
      6.590     407.583    -152.030     120.147     -27.708     -40.086     -40.068
      6.600     407.305    -152.430     119.745     -28.034     -39.964     -40.165
      6.610     407.023    -152.829     119.343     -28.361     -39.842     -40.261
      6.620     406.737    -153.227     118.940     -28.687     -39.719     -40.357
      6.630     406.449    -153.623     118.536     -29.014     -39.596     -40.452
      6.640     406.157    -154.019     118.131     -29.341     -39.472     -40.548
      6.650     405.862    -154.413     117.725     -29.669     -39.348     -40.643
      6.660     405.564    -154.805     117.318     -29.996     -39.223     -40.738
      6.670     405.262    -155.197     116.910     -30.324     -39.097     -40.833
      6.680     404.957    -155.587     116.502     -30.652     -38.972     -40.928
      6.690     404.649    -155.977     116.092     -30.981     -38.845     -41.023
      6.700     404.338    -156.364     115.681     -31.309     -38.718     -41.117
      6.710     404.023    -156.751     115.270     -31.638     -38.591     -41.212
      6.720     403.705    -157.136     114.857     -31.967     -38.463     -41.306
      6.730     403.384    -157.520     114.443     -32.297     -38.335     -41.399
      6.740     403.059    -157.903     114.029     -32.626     -38.206     -41.493
      6.750     402.731    -158.284     113.614     -32.956     -38.076     -41.587
      6.760     402.400    -158.664     113.197     -33.286     -37.946     -41.680
      6.770     402.065    -159.043     112.780     -33.617     -37.816     -41.773
      6.780     401.727    -159.421     112.362     -33.948     -37.685     -41.866
      6.790     401.386    -159.797     111.943     -34.279     -37.553     -41.959
      6.800     401.042    -160.172     111.523     -34.610     -37.421     -42.051
      6.810     400.694    -160.545     111.102     -34.942     -37.288     -42.144
      6.820     400.343    -160.917     110.680     -35.274     -37.155     -42.236
      6.830     399.989    -161.288     110.257     -35.606     -37.021     -42.328
      6.840     399.631    -161.658     109.833     -35.939     -36.887     -42.420
      6.850     399.270    -162.026     109.408     -36.272     -36.752     -42.512
      6.860     398.906    -162.393     108.983     -36.605     -36.617     -42.603
      6.870     398.538    -162.758     108.556     -36.938     -36.481     -42.694
      6.880     398.167    -163.123     108.129     -37.272     -36.344     -42.786
      6.890     397.792    -163.485     107.701     -37.606     -36.207     -42.876
      6.900     397.415    -163.847     107.271     -37.941     -36.069     -42.967
      6.910     397.034    -164.207     106.841     -38.276     -35.931     -43.058
      6.920     396.649    -164.565     106.410     -38.611     -35.792     -43.148
      6.930     396.261    -164.923     105.978     -38.946     -35.653     -43.238
      6.940     395.870    -165.278     105.546     -39.282     -35.513     -43.328
      6.950     395.476    -165.633     105.112     -39.619     -35.372     -43.418
      6.960     395.078    -165.986     104.677     -39.955     -35.231     -43.508
      6.970     394.677    -166.337     104.242     -40.292     -35.089     -43.597
      6.980     394.272    -166.688     103.805     -40.629     -34.947     -43.686
      6.990     393.864    -167.036     103.368     -40.967     -34.804     -43.776
      7.000     393.453    -167.384     102.930     -41.305     -34.660     -43.864
      7.010     393.038    -167.730     102.491     -41.644     -34.516     -43.953
      7.020     392.620    -168.074     102.051     -41.982     -34.371     -44.042
      7.030     392.198    -168.417     101.610     -42.321     -34.226     -44.130
      7.040     391.773    -168.758     101.168     -42.661     -34.080     -44.218
      7.050     391.345    -169.099     100.725     -43.001     -33.933     -44.306
      7.060     390.913    -169.437     100.282     -43.341     -33.786     -44.394
      7.070     390.478    -169.774      99.838     -43.682     -33.638     -44.481
      7.080     390.040    -170.110      99.392     -44.023     -33.489     -44.569
      7.090     389.598    -170.444      98.946     -44.365     -33.340     -44.656
      7.100     389.152    -170.777      98.499     -44.707     -33.190     -44.743
      7.110     388.704    -171.108      98.051     -45.049     -33.040     -44.830
      7.120     388.251    -171.437      97.603     -45.392     -32.889     -44.917
      7.130     387.796    -171.766      97.153     -45.735     -32.737     -45.003
      7.140     387.337    -172.092      96.703     -46.079     -32.584     -45.089
      7.150     386.874    -172.417      96.251     -46.423     -32.431     -45.175
      7.160     386.408    -172.741      95.799     -46.767     -32.278     -45.261
      7.170     385.939    -173.063      95.346     -47.112     -32.123     -45.347
      7.180     385.466    -173.383      94.892     -47.457     -31.968     -45.432
      7.190     384.990    -173.702      94.437     -47.803     -31.812     -45.518
      7.200     384.510    -174.020      93.982     -48.150     -31.656     -45.603
      7.210     384.027    -174.335      93.525     -48.496     -31.499     -45.688
      7.220     383.540    -174.649      93.068     -48.843     -31.341     -45.772
      7.230     383.050    -174.962      92.610     -49.191     -31.182     -45.857
      7.240     382.556    -175.273      92.151     -49.539     -31.023     -45.941
      7.250     382.059    -175.583      91.691     -49.888     -30.863     -46.026
      7.260     381.558    -175.890      91.230     -50.237     -30.702     -46.109
      7.270     381.054    -176.197      90.769     -50.587     -30.541     -46.193
      7.280     380.547    -176.501      90.307     -50.937     -30.379     -46.277
      7.290     380.036    -176.804      89.843     -51.287     -30.216     -46.360
      7.300     379.521    -177.106      89.379     -51.638     -30.052     -46.443
      7.310     379.003    -177.405      88.914     -51.990     -29.888     -46.526
      7.320     378.481    -177.703      88.449     -52.342     -29.723     -46.609
      7.330     377.956    -178.000      87.982     -52.694     -29.557     -46.692
      7.340     377.427    -178.294      87.515     -53.047     -29.391     -46.774
      7.350     376.895    -178.587      87.047     -53.401     -29.223     -46.856
      7.360     376.359    -178.879      86.578     -53.755     -29.055     -46.938
      7.370     375.820    -179.169      86.108     -54.110     -28.887     -47.020
      7.380     375.277    -179.457      85.637     -54.465     -28.717     -47.102
      7.390     374.731    -179.743      85.166     -54.821     -28.547     -47.183
      7.400     374.181    -180.028      84.694     -55.177     -28.375     -47.264
      7.410     373.627    -180.310      84.221     -55.534     -28.203     -47.345
      7.420     373.070    -180.592      83.747     -55.891     -28.031     -47.426
      7.430     372.509    -180.871      83.272     -56.249     -27.857     -47.506
      7.440     371.945    -181.149      82.797     -56.608     -27.683     -47.587
      7.450     371.377    -181.425      82.320     -56.967     -27.508     -47.667
      7.460     370.806    -181.699      81.843     -57.326     -27.332     -47.747
      7.470     370.231    -181.971      81.366     -57.687     -27.155     -47.826
      7.480     369.652    -182.242      80.887     -58.047     -26.977     -47.906
      7.490     369.070    -182.511      80.407     -58.409     -26.799     -47.985
      7.500     368.484    -182.778      79.927     -58.771     -26.620     -48.064
      7.510     367.894    -183.043      79.446     -59.134     -26.439     -48.143
      7.520     367.301    -183.307      78.964     -59.497     -26.258     -48.222
      7.530     366.704    -183.568      78.482     -59.861     -26.077     -48.300
      7.540     366.104    -183.828      77.998     -60.225     -25.894     -48.378
      7.550     365.500    -184.086      77.514     -60.590     -25.710     -48.456
      7.560     364.892    -184.342      77.029     -60.956     -25.526     -48.534
      7.570     364.281    -184.597      76.543     -61.322     -25.340     -48.612
      7.580     363.666    -184.849      76.057     -61.689     -25.154     -48.689
      7.590     363.047    -185.100      75.570     -62.057     -24.967     -48.766
      7.600     362.424    -185.349      75.082     -62.425     -24.779     -48.843
      7.610     361.798    -185.595      74.593     -62.794     -24.590     -48.919
      7.620     361.169    -185.840      74.103     -63.164     -24.400     -48.996
      7.630     360.535    -186.083      73.613     -63.534     -24.209     -49.072
      7.640     359.898    -186.325      73.122     -63.905     -24.017     -49.148
      7.650     359.257    -186.564      72.630     -64.277     -23.825     -49.224
      7.660     358.612    -186.801      72.137     -64.649     -23.631     -49.299
      7.670     357.964    -187.036      71.644     -65.022     -23.437     -49.374
      7.680     357.312    -187.270      71.150     -65.396     -23.241     -49.449
      7.690     356.656    -187.501      70.655     -65.770     -23.044     -49.524
      7.700     355.996    -187.731      70.159     -66.145     -22.847     -49.599
      7.710     355.333    -187.958      69.663     -66.521     -22.648     -49.673
      7.720     354.666    -188.184      69.166     -66.898     -22.449     -49.747
      7.730     353.995    -188.407      68.668     -67.275     -22.248     -49.821
      7.740     353.321    -188.629      68.170     -67.653     -22.047     -49.894
      7.750     352.642    -188.848      67.670     -68.032     -21.844     -49.968
      7.760     351.960    -189.065      67.170     -68.411     -21.641     -50.041
      7.770     351.274    -189.281      66.669     -68.792     -21.436     -50.113
      7.780     350.584    -189.494      66.168     -69.173     -21.231     -50.186
      7.790     349.890    -189.705      65.666     -69.555     -21.024     -50.258
      7.800     349.193    -189.915      65.163     -69.937     -20.816     -50.330
      7.810     348.492    -190.122      64.659     -70.321     -20.607     -50.402
      7.820     347.787    -190.327      64.155     -70.705     -20.397     -50.473
      7.830     347.078    -190.530      63.650     -71.090     -20.186     -50.545
      7.840     346.365    -190.731      63.144     -71.475     -19.974     -50.616
      7.850     345.648    -190.929      62.637     -71.862     -19.761     -50.686
      7.860     344.927    -191.126      62.130     -72.249     -19.547     -50.757
      7.870     344.203    -191.320      61.622     -72.638     -19.331     -50.827
      7.880     343.475    -191.512      61.114     -73.027     -19.115     -50.897
      7.890     342.743    -191.702      60.604     -73.417     -18.897     -50.966
      7.900     342.006    -191.890      60.094     -73.807     -18.678     -51.036
      7.910     341.266    -192.076      59.584     -74.199     -18.458     -51.105
      7.920     340.522    -192.259      59.072     -74.591     -18.237     -51.173
      7.930     339.775    -192.441      58.560     -74.985     -18.014     -51.242
      7.940     339.023    -192.620      58.047     -75.379     -17.791     -51.310
      7.950     338.267    -192.797      57.534     -75.774     -17.566     -51.378
      7.960     337.507    -192.971      57.020     -76.170     -17.340     -51.445
      7.970     336.744    -193.143      56.505     -76.567     -17.113     -51.513
      7.980     335.976    -193.313      55.990     -76.965     -16.884     -51.580
      7.990     335.204    -193.481      55.473     -77.363     -16.654     -51.646
      8.000     334.429    -193.646      54.957     -77.763     -16.423     -51.713
      8.010     333.649    -193.809      54.439     -78.163     -16.191     -51.779
      8.020     332.865    -193.970      53.921     -78.565     -15.957     -51.844
      8.030     332.078    -194.129      53.402     -78.967     -15.722     -51.910
      8.040     331.286    -194.285      52.883     -79.371     -15.486     -51.975
      8.050     330.490    -194.438      52.363     -79.775     -15.249     -52.040
      8.060     329.690    -194.590      51.842     -80.180     -15.010     -52.104
      8.070     328.887    -194.738      51.321     -80.587     -14.770     -52.168
      8.080     328.079    -194.885      50.799     -80.994     -14.528     -52.232
      8.090     327.267    -195.029      50.276     -81.402     -14.285     -52.295
      8.100     326.451    -195.171      49.753     -81.811     -14.041     -52.358
      8.110     325.631    -195.310      49.229     -82.222     -13.795     -52.421
      8.120     324.806    -195.447      48.704     -82.633     -13.548     -52.484
      8.130     323.978    -195.581      48.179     -83.045     -13.300     -52.546
      8.140     323.145    -195.713      47.653     -83.459     -13.050     -52.607
      8.150     322.309    -195.842      47.127     -83.873     -12.798     -52.669
      8.160     321.468    -195.969      46.600     -84.289     -12.546     -52.730
      8.170     320.623    -196.093      46.072     -84.705     -12.291     -52.790
      8.180     319.774    -196.214      45.544     -85.123     -12.035     -52.851
      8.190     318.920    -196.333      45.015     -85.541     -11.778     -52.910
      8.200     318.063    -196.450      44.486     -85.961     -11.519     -52.970
      8.210     317.201    -196.564      43.956     -86.382     -11.259     -53.029
      8.220     316.335    -196.675      43.425     -86.804     -10.997     -53.088
      8.230     315.465    -196.784      42.894     -87.227     -10.733     -53.146
      8.240     314.591    -196.890      42.363     -87.651     -10.468     -53.204
      8.250     313.712    -196.993      41.830     -88.077     -10.202     -53.261
      8.260     312.829    -197.094      41.297     -88.503      -9.933     -53.319
      8.270     311.942    -197.192      40.764     -88.931      -9.664     -53.375
      8.280     311.051    -197.287      40.230     -89.360      -9.392     -53.432
      8.290     310.155    -197.380      39.695     -89.790      -9.119     -53.487
      8.300     309.255    -197.469      39.160     -90.221      -8.844     -53.543
      8.310     308.350    -197.556      38.624     -90.653      -8.567     -53.598
      8.320     307.442    -197.641      38.088     -91.087      -8.289     -53.652
      8.330     306.529    -197.722      37.551     -91.522      -8.009     -53.706
      8.340     305.611    -197.801      37.014     -91.958      -7.727     -53.760
      8.350     304.689    -197.877      36.476     -92.395      -7.444     -53.813
      8.360     303.763    -197.950      35.938     -92.834      -7.158     -53.866
      8.370     302.833    -198.020      35.399     -93.274      -6.871     -53.918
      8.380     301.898    -198.087      34.859     -93.715      -6.582     -53.970
      8.390     300.958    -198.152      34.319     -94.157      -6.291     -54.022
      8.400     300.015    -198.213      33.779     -94.601      -5.999     -54.072
      8.410     299.066    -198.272      33.238     -95.046      -5.704     -54.123
      8.420     298.114    -198.327      32.696     -95.493      -5.408     -54.173
      8.430     297.157    -198.380      32.155     -95.940      -5.109     -54.222
      8.440     296.195    -198.429      31.612     -96.389      -4.809     -54.271
      8.450     295.229    -198.476      31.069     -96.840      -4.507     -54.319
      8.460     294.258    -198.519      30.526     -97.291      -4.203     -54.367
      8.470     293.283    -198.560      29.982     -97.745      -3.896     -54.414
      8.480     292.303    -198.597      29.437     -98.199      -3.588     -54.461
      8.490     291.319    -198.632      28.893     -98.655      -3.278     -54.507
      8.500     290.330    -198.663      28.347     -99.112      -2.965     -54.553
      8.510     289.337    -198.691      27.801     -99.571      -2.651     -54.598
      8.520     288.339    -198.716      27.255    -100.031      -2.334     -54.642
      8.530     287.336    -198.738      26.709    -100.493      -2.016     -54.686
      8.540     286.329    -198.756      26.162    -100.956      -1.695     -54.729
      8.550     285.317    -198.771      25.614    -101.421      -1.372     -54.772
      8.560     284.300    -198.784      25.066    -101.887      -1.046     -54.814
      8.570     283.279    -198.792      24.518    -102.354      -0.719     -54.856
      8.580     282.253    -198.798      23.969    -102.824      -0.389     -54.897
      8.590     281.223    -198.800      23.420    -103.294      -0.057     -54.937
      8.600     280.187    -198.799      22.870    -103.767       0.278     -54.976
      8.610     279.147    -198.795      22.320    -104.240       0.614     -55.015
      8.620     278.103    -198.787      21.770    -104.716       0.954     -55.054
      8.630     277.053    -198.776      21.219    -105.193       1.295     -55.091
      8.640     275.999    -198.761      20.668    -105.671       1.639     -55.128
      8.650     274.940    -198.743      20.117    -106.151       1.985     -55.164
      8.660     273.876    -198.721      19.565    -106.633       2.334     -55.200
      8.670     272.807    -198.696      19.013    -107.116       2.686     -55.235
      8.680     271.733    -198.667      18.460    -107.602       3.040     -55.269
      8.690     270.655    -198.635      17.907    -108.088       3.396     -55.302
      8.700     269.572    -198.599      17.354    -108.577       3.756     -55.335
      8.710     268.483    -198.560      16.801    -109.067       4.117     -55.367
      8.720     267.390    -198.517      16.247    -109.559       4.482     -55.398
      8.730     266.292    -198.470      15.693    -110.052       4.849     -55.428
      8.740     265.189    -198.420      15.138    -110.548       5.219     -55.457
      8.750     264.081    -198.366      14.584    -111.045       5.592     -55.486
      8.760     262.968    -198.308      14.029    -111.544       5.967     -55.514
      8.770     261.850    -198.247      13.473    -112.045       6.345     -55.541
      8.780     260.727    -198.181      12.918    -112.547       6.727     -55.567
      8.790     259.599    -198.112      12.362    -113.051       7.111     -55.592
      8.800     258.466    -198.039      11.806    -113.558       7.498     -55.617
      8.810     257.328    -197.962      11.250    -114.066       7.888     -55.640
      8.820     256.185    -197.881      10.693    -114.576       8.281     -55.663
      8.830     255.037    -197.797      10.136    -115.087       8.677     -55.684
      8.840     253.883    -197.708       9.579    -115.601       9.076     -55.705
      8.850     252.725    -197.615       9.022    -116.117       9.479     -55.725
      8.860     251.561    -197.518       8.465    -116.634       9.884     -55.744
      8.870     250.392    -197.417       7.907    -117.154      10.293     -55.761
      8.880     249.218    -197.312       7.350    -117.676      10.705     -55.778
      8.890     248.038    -197.203       6.792    -118.199      11.121     -55.794
      8.900     246.854    -197.090       6.234    -118.725      11.539     -55.808
      8.910     245.664    -196.972       5.676    -119.252      11.962     -55.822
      8.920     244.469    -196.851       5.117    -119.782      12.387     -55.835
      8.930     243.268    -196.725       4.559    -120.314      12.816     -55.846
      8.940     242.063    -196.594       4.000    -120.848      13.249     -55.856
      8.950     240.851    -196.460       3.442    -121.384      13.685     -55.865
      8.960     239.635    -196.321       2.883    -121.922      14.125     -55.873
      8.970     238.413    -196.177       2.324    -122.462      14.568     -55.880
      8.980     237.186    -196.029       1.766    -123.004      15.016     -55.886
      8.990     235.953    -195.877       1.207    -123.549      15.467     -55.890
      9.000     234.715    -195.720       0.648    -124.096      15.922     -55.893
      9.010     233.471    -195.558       0.089    -124.645      16.381     -55.894
      9.020     232.222    -195.392      -0.470    -125.196      16.843     -55.893
      9.030     230.967    -195.221      -1.029    -125.749      17.310     -55.891
      9.040     229.707    -195.046      -1.588    -126.305      17.781     -55.887
      9.050     228.441    -194.866      -2.147    -126.863      18.256     -55.881
      9.060     227.169    -194.681      -2.706    -127.424      18.735     -55.875
      9.070     225.892    -194.491      -3.264    -127.986      19.218     -55.866
      9.080     224.610    -194.296      -3.823    -128.551      19.706     -55.856
      9.090     223.321    -194.097      -4.381    -129.119      20.198     -55.845
      9.100     222.027    -193.892      -4.940    -129.689      20.695     -55.832
      9.110     220.728    -193.683      -5.498    -130.261      21.196     -55.817
      9.120     219.422    -193.469      -6.056    -130.836      21.701     -55.801
      9.130     218.111    -193.249      -6.614    -131.413      22.211     -55.783
      9.140     216.794    -193.024      -7.172    -131.993      22.726     -55.764
      9.150     215.471    -192.794      -7.729    -132.575      23.246     -55.743
      9.160     214.142    -192.559      -8.287    -133.159      23.770     -55.720
      9.170     212.808    -192.319      -8.844    -133.747      24.299     -55.695
      9.180     211.467    -192.073      -9.400    -134.336      24.834     -55.669
      9.190     210.121    -191.822      -9.957    -134.929      25.373     -55.640
      9.200     208.769    -191.566     -10.513    -135.524      25.918     -55.610
      9.210     207.411    -191.304     -11.069    -136.121      26.467     -55.578
      9.220     206.046    -191.036     -11.625    -136.721      27.022     -55.544
      9.230     204.676    -190.763     -12.180    -137.324      27.583     -55.508
      9.240     203.300    -190.485     -12.735    -137.930      28.149     -55.469
      9.250     201.917    -190.200     -13.289    -138.538      28.720     -55.429
      9.260     200.529    -189.910     -13.844    -139.149      29.297     -55.387
      9.270     199.134    -189.614     -14.397    -139.763      29.880     -55.342
      9.280     197.734    -189.313     -14.950    -140.380      30.469     -55.295
      9.290     196.327    -189.005     -15.503    -140.999      31.064     -55.246
      9.300     194.914    -188.691     -16.055    -141.621      31.664     -55.194
      9.310     193.494    -188.372     -16.607    -142.246      32.271     -55.141
      9.320     192.069    -188.046     -17.158    -142.874      32.884     -55.084
      9.330     190.637    -187.714     -17.709    -143.505      33.504     -55.025
      9.340     189.199    -187.376     -18.259    -144.139      34.129     -54.964
      9.350     187.754    -187.031     -18.808    -144.775      34.762     -54.900
      9.360     186.303    -186.681     -19.357    -145.415      35.401     -54.833
      9.370     184.846    -186.323     -19.905    -146.057      36.046     -54.764
      9.380     183.382    -185.960     -20.452    -146.703      36.699     -54.692
      9.390     181.912    -185.589     -20.998    -147.351      37.359     -54.616
      9.400     180.435    -185.212     -21.544    -148.003      38.025     -54.538
      9.410     178.952    -184.829     -22.089    -148.658      38.699     -54.457
      9.420     177.462    -184.438     -22.633    -149.315      39.381     -54.373
      9.430     175.965    -184.041     -23.177    -149.976      40.070     -54.286
      9.440     174.462    -183.637     -23.719    -150.640      40.766     -54.196
      9.450     172.953    -183.226     -24.260    -151.307      41.470     -54.102
      9.460     171.436    -182.808     -24.801    -151.977      42.182     -54.005
      9.470     169.913    -182.382     -25.341    -152.650      42.903     -53.904
      9.480     168.383    -181.949     -25.879    -153.326      43.631     -53.800
      9.490     166.846    -181.509     -26.416    -154.006      44.368     -53.692
      9.500     165.303    -181.062     -26.953    -154.689      45.113     -53.581
      9.510     163.753    -180.607     -27.488    -155.375      45.867     -53.466
      9.520     162.195    -180.145     -28.022    -156.064      46.630     -53.346
      9.530     160.631    -179.674     -28.555    -156.756      47.401     -53.223
      9.540     159.060    -179.197     -29.087    -157.452      48.182     -53.096
      9.550     157.482    -178.711     -29.617    -158.151      48.972     -52.964
      9.560     155.897    -178.217     -30.146    -158.853      49.772     -52.829
      9.570     154.305    -177.715     -30.673    -159.558      50.581     -52.688
      9.580     152.706    -177.205     -31.200    -160.267      51.401     -52.543
      9.590     151.100    -176.687     -31.724    -160.978      52.230     -52.394
      9.600     149.487    -176.161     -32.247    -161.694      53.069     -52.240
      9.610     147.866    -175.626     -32.769    -162.412      53.919     -52.080
      9.620     146.238    -175.082     -33.289    -163.134      54.780     -51.916
      9.630     144.603    -174.530     -33.807    -163.859      55.651     -51.747
      9.640     142.961    -173.969     -34.324    -164.587      56.534     -51.572
      9.650     141.312    -173.399     -34.839    -165.318      57.428     -51.392
      9.660     139.655    -172.821     -35.352    -166.053      58.333     -51.206
      9.670     137.990    -172.233     -35.863    -166.791      59.250     -51.014
      9.680     136.319    -171.636     -36.372    -167.532      60.179     -50.817
      9.690     134.640    -171.029     -36.879    -168.277      61.121     -50.613
      9.700     132.953    -170.413     -37.384    -169.024      62.074     -50.403
      9.710     131.259    -169.787     -37.887    -169.775      63.041     -50.187
      9.720     129.558    -169.152     -38.388    -170.528      64.020     -49.964
      9.730     127.849    -168.507     -38.886    -171.285      65.013     -49.734
      9.740     126.132    -167.852     -39.383    -172.045      66.020     -49.497
      9.750     124.408    -167.187     -39.876    -172.808      67.040     -49.253
      9.760     122.676    -166.511     -40.368    -173.574      68.074     -49.001
      9.770     120.936    -165.825     -40.856    -174.343      69.123     -48.742
      9.780     119.189    -165.128     -41.342    -175.114      70.186     -48.475
      9.790     117.434    -164.421     -41.826    -175.889      71.265     -48.200
      9.800     115.671    -163.703     -42.306    -176.666      72.359     -47.916
      9.810     113.901    -162.974     -42.784    -177.445      73.468     -47.624
      9.820     112.122    -162.234     -43.259    -178.228      74.594     -47.323
      9.830     110.336    -161.482     -43.730    -179.013      75.736     -47.013
      9.840     108.542    -160.719     -44.199    -179.800      76.895     -46.693
      9.850     106.740    -159.944     -44.664    -180.589      78.070     -46.364
      9.860     104.930    -159.157     -45.126    -181.381      79.264     -46.025
      9.870     103.113    -158.359     -45.585    -182.174      80.475     -45.675
      9.880     101.287    -157.548     -46.040    -182.970      81.704     -45.315
      9.890      99.453    -156.724     -46.491    -183.767      82.953     -44.944
      9.900      97.611    -155.889     -46.939    -184.566      84.220     -44.561
      9.910      95.762    -155.040     -47.382    -185.366      85.507     -44.167
      9.920      93.904    -154.178     -47.822    -186.168      86.813     -43.761
      9.930      92.038    -153.304     -48.257    -186.970      88.141     -43.342
      9.940      90.165    -152.415     -48.689    -187.774      89.489     -42.910
      9.950      88.283    -151.514     -49.115    -188.578      90.858     -42.465
      9.960      86.393    -150.598     -49.538    -189.382      92.249     -42.007
      9.970      84.495    -149.669     -49.956    -190.187      93.663     -41.534
      9.980      82.589    -148.725     -50.368    -190.991      95.099     -41.046
      9.990      80.675    -147.767     -50.776    -191.795      96.559     -40.543
     10.000      78.754    -146.794     -51.179    -192.598      98.042     -40.025
     10.010      76.824    -145.806     -51.577    -193.399      99.550     -39.490
